1009 2
1013 3
1019 2
1021 10
1031 14
1033 5
1039 3
1049 3
1051 7
1061 3
1063 2
1069 3
1087 3
1091 7
1093 5
1097 5
1103 2
1109 2
1117 2
1123 3
1129 2
1151 7
1153 5
1163 2
1171 7
1181 7
1187 2
1193 3
1201 11
1213 2
1217 7
1223 3
1229 2
1231 3
1237 2
1249 7
1259 2
1277 2
1279 3
1283 2
1289 3
1291 2
1297 5
1301 2
1303 6
1307 2
1319 7
1321 10
1327 5
1361 3
1367 2
1373 7
1381 2
1399 13
1409 3
1423 3
1427 2
1429 6
1433 5
1439 7
1447 5
1451 2
1453 2
1459 3
1471 6
1481 3
1483 2
1487 5
1489 14
1493 2
1499 7
1511 11
1523 5
1531 2
1543 6
1549 7
1553 3
1559 19
1567 3
1571 2
1579 3
1583 7
1597 7
1601 3
1607 5
1609 7
1613 3
1619 2
1621 10
1627 2
1637 7
1657 11
1663 3
1667 7
1669 2
1693 5
1697 3
1699 3
1709 7
1721 5
1723 5
1733 2
1741 2
1747 2
1753 3
1759 7
1777 5
1783 10
1787 2
1789 6
1801 11
1811 6
1823 5
1831 3
1847 5
1861 2
1867 5
1871 14
1873 10
1877 2
1879 11
1889 19
1901 17
1907 2
1913 3
1931 2
1933 5
1949 2
1951 3
1973 2
1979 3
1987 2
1993 5
1997 2
1999 3
2003 5
2011 3
2017 5
2027 2
2029 2
2039 7
2053 2
2063 11
2069 3
2081 3
2083 2
2087 5
2089 11
2099 7
2111 3
2113 5
2129 3
2131 3
2137 2
2141 3
2143 3
2153 3
2161 3
2179 7
2203 5
2207 5
2213 2
2221 2
2237 2
2239 3
2243 3
2251 3
2267 2
2269 2
2273 3
2281 3
2287 5
2293 3
2297 5
2309 2
2311 3
2333 2
2339 7
2341 7
2347 2
2351 13
2357 2
2371 7
2377 5
2381 3
2383 5
2389 2
2393 3
2399 7
2411 11
2417 3
2423 5
2437 2
2441 3
2447 5
2459 7
2467 5
2473 2
2477 7
2503 5
2521 17
2531 3
2539 7
2543 5
2549 7
2551 3
2557 5
2579 3
2591 7
2593 2
2609 3
2617 11
2621 2
2633 2
2647 5
2657 7
2659 3
2663 2
2671 7
2677 5
2683 5
2687 5
2689 3
2693 2
2699 3
2707 5
2711 3
2713 5
2719 3
2729 7
2731 3
2741 3
2749 6
2753 2
2767 5
2777 5
2789 2
2791 7
2797 2
2801 3
2803 5
2819 2
2833 2
2837 2
2843 2
2851 3
2857 7
2861 2
2879 19
2887 3
2897 3
2903 5
2909 3
2917 2
2927 5
2939 11
2953 13
2957 2
2963 2
2969 3
2971 7
2999 3
3001 14
3011 2
3019 6
3023 5
3037 3
3041 3
3049 7
3061 3
3067 2
3079 3
3083 5
3089 3
3109 3
3119 7
3121 10
3137 10
3163 5
3167 5
3169 13
3181 7
3187 2
3191 7
3203 5
3209 3
3217 5
3221 2
3229 2
3251 3
3253 2
3257 2
3259 7
3271 3
3299 3
3301 7
3307 3
3313 10
3319 3
3323 10
3329 3
3331 3
3343 3
3347 3
3359 3
3361 13
3371 7
3373 5
3389 2
3391 11
3407 3
3413 2
3433 5
3449 3
3457 3
3461 2
3463 5
3467 2
3469 3
3491 2
3499 3
3511 3
3517 5
3527 3
3529 6
3533 2
3539 3
3541 2
3547 2
3557 2
3559 3
3571 2
3581 7
3583 3
3593 5
3607 6
3613 2
3617 3
3623 3
3631 11
3637 2
3643 3
3659 3
3671 7
3673 5
3677 2
3691 19
3697 3
3701 2
3709 2
3719 2
3727 5
3733 2
3739 3
3761 3
3767 2
3769 7
3779 3
3793 2
3797 5
3803 2
3821 3
3823 11
3833 5
3847 5
3851 6
3853 2
3863 5
3877 2
3881 3
3889 3
3907 2
3911 17
3917 2
3919 3
3923 2
3929 3
3931 3
3943 3
3947 5
3967 7
3989 3
4001 3
4003 3
4007 5
4013 2
4019 3
4021 7
4027 2
4049 3
4051 7
4057 3
4073 5
4079 11
4091 2
4093 5
4099 2
4111 3
4127 5
4129 3
4133 2
4139 2
4153 11
4157 5
4159 3
4177 3
4201 3
4211 2
4217 5
4219 11
4229 2
4231 3
4241 3
4243 3
4253 2
4259 2
4261 2
4271 3
4273 5
4283 2
4289 17
4297 5
4327 5
4337 3
4339 5
4349 3
4357 2
4363 2
4373 5
4391 6
4397 5
4409 21
4421 3
4423 5
4441 3
4447 5
4451 3
4457 5
4463 3
4481 3
4483 7
4493 2
4507 2
4513 5
4517 3
4519 5
4523 5
4547 3
4549 7
4561 13
4567 5
4583 5
4591 2
4597 5
4603 2
4621 2
4637 2
4639 21
4643 3
4649 3
4651 7
4657 7
4663 3
4673 7
4679 3
4691 2
4703 5
4721 11
4723 5
4729 3
4733 2
4751 3
4759 3
4783 5
4787 2
4789 3
4793 5
4799 3
4801 7
4813 3
4817 3
4831 11
4861 3
4871 3
4877 2
4889 3
4903 2
4909 2
4919 11
4931 7
4933 2
4937 3
4943 3
4951 7
4957 7
4967 3
4969 7
4973 5
4987 2
4993 2
4999 3
5003 3
5009 2
5011 3
5021 3
5023 5
5039 3
5051 2
5059 2
5077 2
5081 3
5087 3
5099 2
5101 3
5107 2
5113 3
5119 3
5147 2
5153 7
5167 5
5171 2
5179 19
5189 2
5197 2
5209 5
5227 2
5231 3
5233 5
5237 2
5261 7
5273 5
5279 3
5281 3
5297 5
5303 5
5309 3
5323 2
5333 2
5347 2
5351 3
5381 3
5387 2
5393 2
5399 7
5407 3
5413 2
5417 7
5419 2
5431 7
5437 3
5441 7
5443 3
5449 3
5471 3
5477 3
5479 7
5483 2
5501 3
5503 5
5507 2
5519 3
5521 3
5527 3
5531 3
5557 2
5563 2
5569 3
5573 5
5581 2
5591 7
5623 5
5639 3
5641 3
5647 2
5651 5
5653 3
5657 2
5659 3
5669 3
5683 2
5689 3
5693 2
5701 7
5711 3
5717 2
5737 3
5741 3
5743 5
5749 3
5779 3
5783 5
5791 3
5801 7
5807 3
5813 5
5821 3
5827 2
5839 3
5843 2
5849 3
5851 5
5857 2
5861 2
5867 5
5869 3
5879 3
5881 3
5897 3
5903 2
5923 2
5927 5
5939 3
5953 3
5981 3
5987 7
10007 15
10009 13
10037 11
10039 17
10061 19
10067 23
10069 29
10079 31
10091 37
10093 41
10099 43
10103 47
10111 53
10133 59
10139 61
10141 67
10151 71
10159 73
10163 79
10169 83
10177 89
10181 97
10987 101
10993 103
11003 107
11027 109
11047 113
11071 127
11083 131
11087 137
11093 139
11113 149
11117 151
11119 157
11131 163
11149 167
11159 173
11161 179
11171 181
11173 191
11177 193
11197 197
11213 199
11239 211
11243 223
11251 227
11257 229
11261 233
11273 239
11279 241
11287 251
11299 257
11311 263
11317 269
11321 271
11329 277
11351 281
11353 283
11369 293
11383 307
11393 311
11399 313
11411 317
11423 331
11437 337
11443 347
11447 349
11467 353
11471 359
11483 367
11489 373
11491 379
11497 383
11503 389
11519 397
11527 401
11549 409
11551 419
11579 421
11587 431
11593 433
11597 439
11617 443
11621 449
11633 457
11657 461
11677 463
11681 467
11689 479
11699 487
11701 491
11717 499
11719 503
11731 509
11743 521
11777 523
11779 541
11783 547
11789 557
11801 563
11807 569
11813 571
11821 577
11827 587
11831 593
11833 599
11839 601
11863 607
11867 613
11887 617
11897 619
11903 631
11927 641
11933 643
11939 647
11941 653
11953 659
11959 661
11969 673
11971 677
11981 683
11987 691
12007 701
12011 709
12037 719
12041 727
12043 733
12049 739
12071 743
12073 751
12097 757
12101 761
12107 769
12109 773
12113 787
12119 797
12143 809
12149 811
12157 821
12161 823
12163 827
12197 829
12203 839
12211 853
12227 857
12239 859
12241 863
12251 877
12253 881
12263 883
12269 887
12277 907
12281 911
12289 919
12301 929
12323 937
12329 941
12343 947
12347 953
12373 967
12377 971
12379 977
12391 983
12401 991
12409 997
6007 5
6011 2
6029 2
6037 5
6043 3
6047 5
6053 2
6067 3
6073 5
6079 11
6089 3
6091 6
6101 3
6113 3
6121 3
6131 2
6133 2
6143 5
6151 7
6163 3
6173 2
6197 2
6199 3
6203 5
6211 3
6217 3
6221 2
6229 2
6247 5
6257 3
6263 2
6269 2
6271 3
6277 2
6287 3
6299 2
6301 11
6311 3
6317 5
6323 2
6329 3
6337 3
6343 3
6353 3
6359 7
6361 11
6367 3
6373 2
6379 3
6389 2
6397 5
6421 2
6427 2
6451 3
6469 2
6473 5
6481 3
6491 2
6521 3
6529 3
6547 2
6551 3
6553 3
6563 2
6569 3
6571 2
6577 5
6581 2
6599 2
6607 3
6619 2
6637 3
6653 2
6659 3
6661 2
6673 5
6679 3
6689 3
6691 5
6701 3
6703 5
6709 2
6719 2
6733 3
6737 5
6761 3
6763 2
6779 2
6781 3
6791 2
6793 2
6803 2
6823 5
6827 2
6829 2
6833 5
6841 3
6857 3
6863 5
6869 3
6871 2
6883 2
6899 3
6907 5
6911 17
6917 2
6947 5
6949 2
6959 3
6961 11
6967 2
6971 7
6977 3
6983 5
6991 3
6997 5
7001 3
7013 5
7019 2
7027 2
7039 3
7043 3
7057 3
7069 2
7079 11
7103 2
7109 2
7121 3
7127 3
7129 3
7151 7
7159 3
7177 5
7187 2
7193 3
7207 5
7211 3
7213 5
7219 3
7229 2
7237 5
7243 2
7247 5
7253 2
7283 2
7297 3
7307 5
7309 3
7321 2
7331 2
7333 7
7349 3
7351 3
7369 3
7393 5
7411 2
7417 3
7433 3
7451 3
7457 3
7459 2
7477 5
7481 3
7487 3
7489 3
7499 2
7507 2
7517 3
7523 2
7529 2
7537 3
7541 2
7547 2
7549 11
7559 11
7561 3
7573 3
7577 5
7583 3
7589 2
7591 7
7603 5
7607 5
7621 3
7639 3
7643 2
7649 3
7669 3
7673 5
7681 3
7687 3
7691 11
7699 7
7703 5
7717 3
7723 3
7727 5
7741 3
7753 7
7757 2
7759 3
7789 2
7793 2
7817 2
7823 3
7829 2
7841 3
7853 2
7867 2
7873 5
7877 2
7879 3
7883 2
7901 2
7907 2
7919 3